<?xml version="1.0" encoding="UTF-8" standalone="no"?>
<!-- Created with Inkscape (http://www.inkscape.org/) -->

<svg
   width="113.40099mm"
   height="107.72923mm"
   viewBox="0 0 113.40099 107.72923"
   version="1.1"
   id="svg1"
   xml:space="preserve"
   xmlns="http://www.w3.org/2000/svg"
   xmlns:svg="http://www.w3.org/2000/svg"><defs
     id="defs1" /><g
     id="g1"
     transform="matrix(0.26458333,0,0,0.26458333,-11.377915,-19.043371)"
     style="display:inline"><path
       id="path36"
       d="m 286.64285,72.649856 c -47.08774,-2.013343 -93.80711,0.217338 -140.0957,10.238281 -29.75083,6.440712 -50.865505,21.819293 -62.148441,50.796873 -10.443901,26.82276 -16.787895,54.28329 -17.414062,83.04493 -0.339066,15.57434 1.037834,30.96202 6.066406,45.81445 5.021744,14.83233 12.759351,27.83975 28.128907,33.69336 7.18279,2.7356 15.1537,4.08988 22.86719,4.61914 27.2464,1.86951 54.51945,3.77783 81.8125,4.45703 61.81268,1.53824 123.62198,1.35217 185.27344,-4.4082 29.00348,-2.70993 42.82892,-14.25657 51.03516,-42.33399 4.2991,-14.70926 5.20305,-29.79397 4.79296,-45.50195 -1.47269,-29.69804 -7.49497,-57.83795 -19.90625,-84.43945 -8.32782,-17.8493 -19.341,-33.08647 -39.3164,-39.332037 -5.70627,-1.784134 -11.34368,-3.826996 -17.11914,-5.345703 -27.51733,-7.235893 -55.64717,-10.091445 -83.97657,-11.302734 z"
       style="display:inline;fill:#f9f9f9" /><g
       id="g5"
       style="display:inline;fill:#f9f9f9"><path
         fill="#fffafa"
         opacity="1"
         stroke="none"
         d="m 235.94994,429.85614 c 8.4869,3.50812 11.83885,-2.60468 15.77491,-7.47925 0.83567,-1.03494 1.58364,-2.142 2.35018,-3.2312 5.68849,-8.08301 7.93925,-8.26596 14.94118,-1.41015 0.69769,0.68304 1.97369,1.05032 2.99517,1.07968 4.15372,0.11926 8.31287,0.0496 12.41873,0.0496 1.66471,-3.84461 2.67695,-8.03806 7.91587,-7.94733 5.78256,0.10016 10.31479,5.29932 7.83923,10.44013 -3.08874,6.41427 -7.78149,12.05615 -12.15133,18.58367 13.38998,6.96018 28.16339,5.53205 43.10974,1.46705 1.43273,5.54916 -0.0564,10.72644 -5.35926,13.4421 -4.44757,2.27768 -9.61148,3.37155 -14.58606,4.31656 -2.58566,0.49121 -3.96414,1.02576 -4.85742,3.72571 -4.31561,13.04373 -11.90243,17.23785 -25.2482,14.06519 -1.47705,-0.35114 -2.66769,-1.90677 -3.74316,-3.45823 -5.17606,0.20511 -10.61948,-1.58313 -16.24219,1.97092 -3.81082,2.40875 -9.27962,0.60779 -12.71344,-3.19208 -2.19577,-2.42981 -4.39134,-5.20782 -5.45589,-8.22839 -1.50973,-4.28378 -3.93374,-5.76257 -8.95334,-4.71982 0,4.10459 0.19606,8.3989 -0.0549,12.6669 -0.2533,4.30796 -2.16931,7.17951 -7.15,7.14298 -5.4037,-0.0396 -8.0207,-1.75241 -8.65524,-6.83621 -0.48912,-3.91868 -0.44272,-7.90418 -0.66151,-12.41858 -11.35701,5.71481 -22.59415,9.85504 -33.92253,0.62158 12.24508,-2.20801 24.27365,-4.38931 32.37159,-16.48294 -3.50021,0.34622 -6.17625,1.16473 -8.62504,0.72308 -3.65024,-0.65835 -7.51853,-1.62573 -10.54917,-3.60321 -1.6811,-1.09686 -1.84886,-4.51306 -2.69873,-6.88388 1.916,-0.68115 3.80938,-1.86172 5.75222,-1.94971 5.77888,-0.26168 11.57721,-0.0938 18.56076,-0.0938 -0.99869,-4.12924 -1.8075,-7.88873 -2.84864,-11.58276 -0.44409,-1.57578 -1.54467,-2.9599 -2.04765,-4.52713 -1.16128,-3.61841 0.0764,-4.94428 3.92299,-4.41773 9.62126,1.31714 14.82533,7.5578 14.88544,18.20185 1.07267,0 2.15155,0 3.68567,-0.0346 m 1.82525,12.44763 c -1.21507,0.69376 -2.43014,1.38751 -4.24994,2.42652 5.63616,1.04141 9.36753,6.5382 15.45433,3.19177 4.51488,-2.48227 9.43344,-4.23032 14.76123,-6.56333 -2.52914,-1.86258 -4.42633,-2.78695 -5.65869,-4.26547 -2.58658,-3.10315 -5.61535,-3.34241 -8.80121,-1.66275 -3.73104,1.9671 -7.24188,4.35184 -11.50572,6.87326 m 27.14464,18.28992 c -2.04129,0.0899 -4.08258,0.17978 -6.14709,0.27066 1.48883,6.24149 4.70086,8.83041 10.77053,7.42941 2.37122,-0.54733 4.94178,-0.23617 7.42182,-0.30578 6.12463,-0.17191 6.89752,-1.04978 6.72217,-7.44861 -5.95151,0 -11.8957,0 -18.76743,0.0543 m -6.18909,-7.44843 c -1.12253,0.46506 -2.24502,0.93012 -3.36752,1.39518 0.0529,0.36459 0.10576,0.72918 0.15863,1.09375 9.33869,-0.94629 18.67737,-1.89258 28.3804,-2.87583 -4.99692,-5.51913 -10.01932,-6.96808 -16.17111,-3.19791 -2.50632,1.53608 -5.50354,2.27109 -9.0004,3.58481 m 14.48923,-17.72222 c 1.68155,-2.32999 3.36313,-4.65995 5.46066,-7.56635 -6.19272,-0.56253 -11.77816,-3.67892 -16.57122,3.04715 3.70144,1.75122 7.21853,3.41522 11.11056,4.5192 z"
         id="path4"
         style="display:inline;fill:#f9f9f9" /><path
         fill="#fffafa"
         opacity="1"
         stroke="none"
         d="m 263.35144,408.53503 c -2.0705,-2.50802 -4.11423,-3.47665 -7.13843,-2.78842 -6.10708,1.38983 -12.31952,2.31323 -18.43684,3.66312 -4.07242,0.89865 -7.21205,-0.34818 -9.76186,-3.40231 -5.32649,-6.38022 -8.91527,-13.62836 -10.18506,-21.86591 -0.88516,-5.74231 2.12157,-8.59619 7.48778,-6.4866 4.4549,1.75134 8.30559,0.91867 12.52998,-0.0862 13.75823,-3.27271 27.5336,-6.6561 41.8826,-4.65131 13.40979,1.87356 17.96744,10.80377 11.06876,22.42914 -2.41879,4.07608 -5.69321,7.80404 -9.17181,11.05423 -5.224,4.88089 -11.39994,5.84887 -18.27512,2.13424 m -11.91599,-23.67648 c -4.88613,1.08609 -9.77227,2.17221 -14.74972,3.27863 4.22401,11.29965 4.22267,11.28695 15.17085,10.12466 2.14238,-0.22745 4.30669,-0.24942 6.44853,-0.48059 4.0243,-0.43426 9.39454,-6.51334 8.69889,-10.45245 -0.23523,-1.33194 -2.43393,-3.17948 -3.8375,-3.27396 -3.59106,-0.2417 -7.23951,0.36954 -11.73105,0.80371 z"
         id="path10"
         style="display:inline;fill:#f9f9f9" /><path
         fill="#fffbfb"
         opacity="1"
         stroke="none"
         d="m 299.24451,375.82309 c -2.29142,-1.42432 -4.62818,-2.33264 -6.15372,-3.98837 -6.49896,-7.0535 -13.86307,-6.30936 -22.53427,-4.64871 -9.98816,1.9129 -20.44022,1.83731 -30.68469,1.76434 -4.09736,-0.0292 -8.17836,-2.35602 -12.23946,-3.62842 -5.57875,3.69418 -11.11525,8.48465 -17.52197,11.28223 -6.23253,2.72149 -13.31079,3.68539 -20.12053,4.78295 -1.75739,0.28327 -3.90094,-1.82943 -5.8671,-2.84152 1.31221,-1.77447 2.30087,-3.97497 3.98778,-5.25607 13.49513,-10.24857 27.28708,-20.11285 40.62501,-30.55847 5.07106,-3.97144 9.39963,-8.9762 13.64748,-13.87354 1.81621,-2.09387 2.81896,-5.03012 3.73145,-7.73852 1.31764,-3.9111 4.00598,-6.10178 7.80799,-6.92594 4.71845,-1.02273 7.86463,1.7233 9.64011,5.48084 4.07672,8.62778 10.82355,14.87442 18.30142,20.08975 11.57941,8.07593 23.70252,15.37781 35.66788,22.892 4.64481,2.9169 9.53909,5.43454 14.21622,8.30283 2.03927,1.25064 3.81817,2.92581 6.53332,5.04736 -13.71594,5.31445 -26.19986,7.21185 -39.03692,-0.18274 M 271.98245,351.7038 c 0.24091,-0.0375 0.48178,-0.075 0.72269,-0.11252 -0.21329,-0.21753 -0.42655,-0.43503 -0.70593,-1.33243 -5.52262,-6.10928 -11.04523,-12.21857 -16.77364,-18.55551 -6.05846,7.7785 -11.81129,15.16461 -18.12076,23.26535 3.15637,-0.20224 5.56021,-0.25687 7.93968,-0.5264 8.87626,-1.00549 17.74448,-2.08148 26.93796,-2.73849 z"
         id="path5"
         style="display:inline;fill:#f9f9f9" /></g><g
       id="g4"
       style="display:inline;fill:#e9ddaf;fill-opacity:1"><path
         fill="#f8ca00"
         opacity="1"
         stroke="none"
         d="m 385.93057,406.85397 c -8.3407,19.49762 -19.34143,36.37119 -36.90112,47.91327 -0.76096,-0.37973 -1.52194,-0.75946 -2.28293,-1.13916 0.56949,-2.53229 0.80023,-5.2016 1.7609,-7.57559 9.56585,-23.6398 14.4999,-48.09341 12.41421,-73.62494 -0.63199,-7.73697 -2.94446,-15.32269 -3.99701,-23.04452 -0.61712,-4.52753 -1.06927,-9.35053 -0.17154,-13.75 1.48337,-7.2692 6.42526,-12.08087 13.93677,-13.20249 7.04449,-1.05188 12.17709,2.64481 15.9621,8.19235 4.82599,7.07328 6.55017,15.22568 7.33596,23.57505 1.70112,18.07492 -1.31658,35.46325 -8.05734,52.65603 z"
         id="path6"
         style="fill:#e9ddaf;fill-opacity:1" /><path
         fill="#f8ca00"
         opacity="1"
         stroke="none"
         d="m 122.11297,342.31399 c 1.7017,-4.03286 2.9521,-7.8908 5.00276,-11.26193 4.13531,-6.79822 10.88197,-9.89102 17.176,-8.45822 7.40395,1.68549 12.97997,7.95795 13.65161,15.94171 0.27475,3.26578 0.2782,6.76984 -0.59713,9.88376 -9.18528,32.67621 -4.56531,64.23404 7.24395,95.28876 1.18407,3.11371 1.99601,6.36889 2.98064,9.55844 -0.57883,0.48636 -1.15767,0.97275 -1.73651,1.45914 -2.49272,-1.5416 -5.25697,-2.77198 -7.43599,-4.6731 -20.79613,-18.14389 -32.56333,-41.31934 -37.32614,-68.22183 -2.31247,-13.06192 -2.36386,-26.15436 1.04081,-39.51673 z"
         id="path7"
         style="fill:#e9ddaf;fill-opacity:1" /><path
         fill="#f8c900"
         opacity="1"
         stroke="none"
         d="m 409.8584,371.66254 c 1.7215,-14.32517 0.72265,-27.98084 -2.94211,-41.48853 -0.67157,-2.47519 -0.71866,-5.31128 -0.29572,-7.85467 1.09815,-6.60395 5.45118,-11.00733 11.15134,-11.91355 4.93332,-0.7843 10.26343,2.17108 13.39636,7.79807 5.60413,10.06549 5.85172,21.09305 4.77152,32.08819 -2.28586,23.26688 -11.85715,43.0817 -29.33273,58.83893 -1.7587,1.58579 -3.93055,2.71335 -5.91062,4.05359 -0.59042,-0.33252 -1.18085,-0.66501 -1.77127,-0.99753 2.155,-6.54056 4.58621,-13.0061 6.38785,-19.64255 1.82486,-6.7221 3.02713,-13.61322 4.54538,-20.88195 z"
         id="path8"
         style="fill:#e9ddaf;fill-opacity:1" /><path
         fill="#f8c900"
         opacity="1"
         stroke="none"
         d="m 82.884041,318.03357 c 5.191002,-7.11343 10.409012,-9.21533 16.250664,-6.79736 6.173005,2.55511 10.030445,10.06823 8.253975,17.535 -2.94476,12.37726 -4.90813,24.72867 -3.73557,37.5506 1.27049,13.89273 4.64982,27.17636 9.72223,40.10714 0.71954,1.83426 0.99952,3.84095 1.48294,5.76783 -0.41441,0.27813 -0.82882,0.55627 -1.24324,0.83441 -1.63391,-0.91062 -3.51673,-1.5474 -4.86478,-2.77252 -24.346566,-22.1272 -34.671067,-49.39554 -29.598908,-82.09952 0.522674,-3.37009 2.338325,-6.53964 3.732689,-10.12558 z"
         id="path9"
         style="fill:#e9ddaf;fill-opacity:1" /><path
         fill="#f8c900"
         opacity="1"
         stroke="none"
         d="m 66.73259,325.82666 c -3.259976,21.73379 1.662979,41.88483 9.634552,61.60428 -0.465805,0.29324 -0.931618,0.58652 -1.397423,0.87976 -1.620613,-0.82858 -3.527542,-1.34552 -4.819145,-2.5322 -21.261799,-19.53488 -30.460423,-43.50522 -26.082009,-72.2778 0.441277,-2.89981 1.619954,-5.78412 2.941204,-8.43393 3.096497,-6.21011 8.418557,-8.93728 13.66676,-7.3775 5.864624,1.74295 9.763977,7.86868 8.837089,14.51578 -0.618339,4.43432 -1.779022,8.793 -2.781028,13.62161 z"
         id="path11"
         style="fill:#e9ddaf;fill-opacity:1" /><path
         fill="#f8c900"
         opacity="1"
         stroke="none"
         d="m 457.29095,371.24097 c -5.18878,6.73755 -9.75451,13.64077 -19.03469,17.59134 0.75463,-3.15098 0.9934,-5.05436 1.66,-6.79377 8.3457,-21.77526 11.92511,-43.89611 5.37274,-66.8872 -0.61841,-2.16986 -0.50729,-4.64646 -0.28516,-6.93708 0.51032,-5.26242 4.24479,-9.59146 9.10346,-10.68234 5.2702,-1.18332 9.11133,1.30283 11.8949,5.42474 5.08709,7.53309 5.86221,16.22523 5.54001,24.91419 -0.57959,15.63019 -5.27457,30.04883 -14.25126,43.37012 z"
         id="path12"
         style="display:inline;fill:#e9ddaf;fill-opacity:1" /></g><g
       id="g3"
       style="display:inline;fill:#362824;fill-opacity:1"><path
         fill="#ff0404"
         opacity="1"
         stroke="none"
         d="m 367.80151,205.79752 c 7.45923,-5.28653 14.45856,-10.65366 21.93381,-15.24614 3.27094,-2.00953 7.44653,-3.04503 11.32806,-3.47948 21.52411,-2.4092 33.672,6.51953 38.1735,27.9668 1.85513,8.83882 2.8038,17.78781 0.19055,26.7026 -6.38669,21.78754 -29.51041,33.51706 -51.79477,26.17896 -9.64386,-3.17566 -17.67255,-8.86002 -24.24438,-17.06894 1.31668,0.29915 2.64352,0.55968 3.94848,0.90352 10.478,2.76097 20.99631,3.78125 31.47727,0.19735 13.27966,-4.54089 20.30197,-19.88804 15.21051,-33.00431 -2.51352,-6.4753 -7.59018,-9.4838 -14.23786,-10.0058 -13.58511,-1.06671 -25.36603,4.35957 -36.82123,10.65686 -4.86172,2.67268 -9.48538,5.77842 -14.21722,8.68736 -0.36453,-0.407 -0.72903,-0.81401 -1.09357,-1.22101 6.62674,-7.01124 13.25351,-14.0225 20.14685,-21.26777 z"
         id="path13"
         style="display:inline;fill:#362824;fill-opacity:1" /><path
         fill="#ff0404"
         opacity="1"
         stroke="none"
         d="M 91.190331,263.90338 C 72.971756,251.48103 70.539116,234.13193 74.704506,214.62761 c 2.912781,-13.63901 9.437584,-24.3606 24.136055,-27.35368 10.090619,-2.0548 19.868029,-0.35145 28.900249,4.87397 15.27071,8.83452 27.06643,21.43018 37.92827,35.03253 0.24417,0.30578 0.15212,0.88004 0.1528,0.88472 -9.1497,-4.86824 -18.09861,-10.62486 -27.8054,-14.46652 -7.23076,-2.86172 -15.40481,-4.17938 -23.22653,-4.49278 -9.4441,-0.37839 -15.009196,5.63397 -16.060183,14.97253 -1.888512,16.78037 8.428913,29.06447 25.875953,29.7271 7.21258,0.27393 14.4987,-1.26321 21.74291,-2.05408 1.41376,-0.15434 2.78848,-0.66618 4.77559,-1.16121 -12.42711,16.01766 -38.49978,26.87374 -59.933889,13.31319 z"
         id="path14"
         style="display:inline;fill:#362824;fill-opacity:1" /><path
         fill="#ff0404"
         opacity="1"
         stroke="none"
         d="m 117.85916,129.96402 c -2.15417,6.12953 -4.54964,11.81767 -6.05929,17.7319 -2.45729,9.62676 0.95938,12.80901 10.51625,10.42923 0.43071,-0.10725 0.91141,-0.0137 1.99978,-0.0137 -5.57023,6.45917 -11.08703,12.11071 -18.79467,15.03672 -10.70712,4.06466 -20.313627,-1.64659 -20.119039,-13.03325 0.12442,-7.28092 1.714966,-15.00281 4.595322,-21.6881 11.151417,-25.88236 29.577387,-43.934567 57.994677,-49.924763 15.6707,-3.303292 29.82011,-0.629174 42.37251,10.329444 6.22481,5.434439 13.88252,9.227559 19.953,13.155639 -9.09593,-0.29316 -19.50502,-2.25625 -29.67834,-5.5509 -10.16144,-3.2908 -20.44988,-4.52854 -30.96278,-2.09077 -14.55803,3.37576 -24.83751,12.18021 -31.81742,25.6186 z"
         id="path15"
         style="display:inline;fill:#362824;fill-opacity:1" /><path
         fill="#ff0404"
         opacity="1"
         stroke="none"
         d="m 338.25296,105.04126 c -12.07071,4.00828 -23.98602,6.57634 -36.45431,6.66672 10.01873,-2.5736 17.6062,-8.9845 25.26531,-15.322657 14.34668,-11.872345 30.79578,-11.332871 46.83246,-5.797661 29.89945,10.320058 47.71128,32.005158 54.51099,62.777678 0.52921,2.39491 0.58234,4.99045 0.34436,7.44302 -1.05539,10.87796 -9.71591,16.24814 -20.00275,12.45696 -7.74746,-2.8553 -13.3247,-8.49675 -19.11035,-15.21048 1.3793,0.13106 2.06909,0.10214 2.70621,0.27142 8.2464,2.19112 12.15845,-1.15739 10.20196,-9.38423 -1.45147,-6.10335 -3.28427,-12.25023 -5.94583,-17.90796 -10.56811,-22.46485 -32.47165,-32.151555 -58.34805,-25.99281 z"
         id="path16"
         style="display:inline;fill:#362824;fill-opacity:1" /><path
         fill="#ff0202"
         opacity="1"
         stroke="none"
         d="m 147.79961,154.99643 c 3.89035,-15.13588 16.66149,-24.81635 30.7619,-23.66695 14.4839,1.18067 26.01684,11.95189 27.57037,25.74941 1.68701,14.98311 -6.75474,28.07303 -20.84869,32.32829 -21.30762,6.43323 -41.5663,-11.90215 -37.48358,-34.41075 z"
         id="path17"
         style="display:inline;fill:#362824;fill-opacity:1" /><path
         fill="#ff0202"
         opacity="1"
         stroke="none"
         d="m 307.83386,164.68544 c -1.19024,-17.49309 9.00971,-30.53661 25.42859,-33.04056 14.71805,-2.24455 29.31455,7.66942 32.73419,22.23313 3.85172,16.40387 -6.34854,32.83361 -22.41449,36.10343 -17.22461,3.50564 -32.81103,-7.34165 -35.74829,-25.296 z"
         id="path18"
         style="display:inline;fill:#362824;fill-opacity:1" /><path
         fill="#f91305"
         opacity="1"
         stroke="none"
         d="m 301.50372,257.36035 c 11.82584,2.42905 22.56616,6.1745 31.06937,14.62937 1.06155,1.05554 2.37631,2.0299 2.99118,3.31961 0.87396,1.83319 2.23581,4.52652 1.51602,5.75421 -0.93033,1.58694 -3.89157,3.16958 -5.65674,2.86844 -6.4602,-1.10202 -13.27856,-1.9672 -19.07425,-4.76236 -19.45111,-9.38101 -39.64837,-14.28876 -61.28651,-13.25623 -16.55525,0.79001 -31.97131,5.46094 -47.03616,12.16882 -6.53841,2.91135 -13.7911,4.38233 -20.85761,5.835 -1.89455,0.38946 -5.39731,-1.17765 -6.15056,-2.78754 -0.7225,-1.54422 0.59409,-4.78885 1.99787,-6.46054 9.20379,-10.96051 21.83427,-15.89154 35.43589,-17.42609 12.83489,-1.44803 25.87471,-1.07379 38.8238,-1.51869 4.48607,-0.15414 8.98432,-0.67868 13.45268,-0.4818 11.46103,0.50501 22.90839,1.31974 34.77502,2.1178 z"
         id="path19"
         style="display:inline;fill:#362824;fill-opacity:1" /><path
         fill="#f91506"
         opacity="1"
         stroke="none"
         d="m 197.17984,209.19202 c 7.49762,-8.01427 16.35585,-12.428 27.01289,-13.08344 7.74543,-0.47636 14.04596,2.52887 17.3313,9.41486 2.93267,6.14673 4.46817,12.96006 6.62023,19.47923 -0.49788,0.18239 -0.99575,0.36476 -1.49363,0.54713 -2.39781,-3.677 -4.51722,-7.57663 -7.24589,-10.98909 -8.02002,-10.02984 -18.32809,-10.9412 -26.78638,-1.3478 -5.51004,6.24949 -9.16421,14.11985 -13.78857,21.17311 -1.88195,2.8704 -3.7132,6.05154 -6.3541,8.05388 -1.90971,1.44796 -5.11673,1.18492 -7.74518,1.68493 -0.48098,-2.6042 -1.82092,-5.3987 -1.29353,-7.77951 2.22302,-10.03535 6.47852,-19.19745 13.74286,-27.1533 z"
         id="path20"
         style="display:inline;fill:#362824;fill-opacity:1" /><path
         fill="#ff0606"
         opacity="1"
         stroke="none"
         d="m 360.78564,262.22021 c 10.99412,14.82309 25.00696,24.18354 43.14716,27.12497 -19.74307,3.61564 -38.21179,1.61939 -53.42194,-12.75128 -8.34289,-7.88241 -16.01806,-16.45141 -27.43951,-20.53064 13.15555,-9.5721 25.6319,-7.47851 37.71429,6.15695 z"
         id="path21"
         style="display:inline;fill:#362824;fill-opacity:1" /><path
         fill="#ff0606"
         opacity="1"
         stroke="none"
         d="m 152.6001,284.71344 c -13.8244,6.84882 -27.98529,7.77277 -43.44545,5.03665 1.49062,-0.54638 2.21577,-0.84817 2.96338,-1.07632 0.79262,-0.24195 1.60039,-0.44376 2.41213,-0.61209 14.20885,-2.94626 25.83422,-10.099 34.95408,-21.37757 1.98454,-2.45425 3.99551,-4.90194 6.1701,-7.18527 10.4662,-10.98952 21.96327,-12.24243 35.39151,-3.48709 -12.24644,4.48151 -20.41314,13.70654 -29.19089,22.22473 -2.58136,2.50504 -5.93081,4.2186 -9.25486,6.47696 z"
         id="path22"
         style="display:inline;fill:#362824;fill-opacity:1" /><path
         fill="#f91406"
         opacity="1"
         stroke="none"
         d="m 327.56921,226.54275 c 1.29386,4.50348 2.84775,8.60807 3.39569,12.84281 0.59794,4.62073 -2.44781,6.8995 -6.45822,4.5771 -3.38012,-1.9574 -6.39847,-5.10896 -8.60879,-8.38513 -3.4187,-5.06723 -5.86936,-10.7767 -9.02005,-16.04048 -1.43347,-2.39484 -3.39343,-4.54422 -5.39987,-6.51442 -9.25745,-9.09024 -19.31018,-8.4298 -27.28754,1.89729 -2.50653,3.24481 -4.45194,6.92308 -6.60123,10.31923 -3.29947,-19.03847 12.05066,-33.11175 30.59915,-27.71234 14.78772,4.30469 23.44739,15.05948 29.38086,29.01594 z"
         id="path23"
         style="display:inline;fill:#362824;fill-opacity:1" /><path
         fill="#ff0505"
         opacity="1"
         stroke="none"
         d="m 276.60516,116.03618 c -1.37863,0.003 -2.3612,0.003 -5.06613,0.003 10.22745,-5.93756 13.22812,-14.90183 16.19281,-24.073138 1.07233,-3.317108 3.35321,-6.499489 5.8021,-9.053436 3.36041,-3.50454 10.38491,-4.082657 13.8862,-1.491173 3.85409,2.852569 3.94857,7.07827 3.08404,11.307022 -1.99432,9.755375 -8.13067,16.372455 -17.05884,19.885525 -5.13492,2.0205 -10.94043,2.33667 -16.84018,3.42262 z"
         id="path24"
         style="display:inline;fill:#362824;fill-opacity:1" /><path
         fill="#ff0505"
         opacity="1"
         stroke="none"
         d="m 219.08435,112.12872 c -8.10228,-4.47379 -13.8313,-10.42132 -15.57997,-19.459599 -0.82442,-4.261055 -0.76503,-8.491898 3.16046,-11.304032 3.57947,-2.564254 10.85291,-2.100578 13.86456,1.663086 3.12166,3.901139 5.58634,8.608986 7.23557,13.347794 3.25101,9.341371 5.22014,12.773181 13.64512,19.229771 -8.03623,1.15729 -15.0623,-0.66847 -22.32574,-3.47702 z"
         id="path25"
         style="display:inline;fill:#362824;fill-opacity:1" /><path
         fill="#ff0505"
         opacity="1"
         stroke="none"
         d="m 119.70166,235.21432 c -3.05488,-3.12226 -1.64375,-5.36135 0.89637,-7.28062 5.08125,-3.83936 10.96809,-4.69135 17.03007,-3.79567 11.7984,1.74324 21.66287,7.63144 32.04559,15.56912 -17.8199,3.22228 -34.10477,4.08359 -49.97203,-4.49283 z"
         id="path26"
         style="display:inline;fill:#362824;fill-opacity:1" /><path
         fill="#ff0505"
         opacity="1"
         stroke="none"
         d="m 368.79718,241.92187 c -8.06689,-0.42854 -15.65863,-0.86898 -23.25034,-1.30943 -0.0904,-0.58041 -0.18081,-1.16081 -0.2712,-1.74122 11.66934,-8.34784 23.59573,-16.21195 39.12585,-14.62255 2.84259,0.2909 5.7572,1.70626 8.24539,3.24031 4.76102,2.93534 4.84985,6.97386 -0.33459,8.80484 -7.41611,2.61916 -15.33548,3.8134 -23.51511,5.62805 z"
         id="path27"
         style="display:inline;fill:#362824;fill-opacity:1" /></g></g></svg>
